[0.0, 0.0] [0.0, 0.0] [0.0, 10.0] [0.0, 12.0] [0.0, 14.0] [0.0, 17.0] [0.0, 19.0] [22.0, 0.0] [25.0, 0.0] [28.0, 0.0] [30.0, 0.0] [34.0, 0.0] [37.0, 0.0] [40.0, 0.0] [40.0, 0.0] [46.0, 2.0] [48.0, 3.0] [52.0, 5.0] [54.0, 5.0] [57.0, 6.0] [61.0, 7.0] [64.0, 8.0] [68.0, 11.0] [70.0, 10.0] [74.0, 12.0] [77.0, 13.0] [75.0, 32.0] [77.0, 33.0] [81.0, 32.0] [86.0, 30.0] [90.0, 29.0] [94.0, 27.0] [98.0, 25.0] [99.0, 22.0] [99.0, 20.0] [99.0, 18.0] [99.0, 15.0] [99.0, 13.0] [99.0, 11.0] [99.0, 11.0] [0.0 0.0] 
[0.0, 0.0] [0.0, 8.0] [0.0, 9.0] [0.0, 11.0] [0.0, 13.0] [0.0, 15.0] [0.0, 18.0] [21.0, 0.0] [24.0, 0.0] [27.0, 0.0] [30.0, 0.0] [33.0, 0.0] [36.0, 1.0] [37.0, 0.0] [40.0, 2.0] [44.0, 3.0] [47.0, 3.0] [51.0, 5.0] [54.0, 6.0] [57.0, 6.0] [60.0, 8.0] [63.0, 9.0] [66.0, 10.0] [70.0, 11.0] [73.0, 13.0] [75.0, 13.0] [79.0, 15.0] [78.0, 30.0] [82.0, 29.0] [85.0, 29.0] [89.0, 27.0] [94.0, 26.0] [96.0, 24.0] [99.0, 22.0] [99.0, 19.0] [99.0, 17.0] [99.0, 15.0] [99.0, 12.0] [99.0, 11.0] [99.0, 9.0] [0.0, 0.0] 
[0.0, 9.0] [0.0, 9.0] [0.0, 10.0] [0.0, 11.0] [0.0, 13.0] [0.0, 16.0] [0.0, 18.0] [20.0, 0.0] [23.0, 0.0] [25.0, 1.0] [25.0, 1.0] [27.0, 1.0] [35.0, 3.0] [35.0, 11.0] [39.0, 4.0] [42.0, 6.0] [45.0, 6.0] [49.0, 8.0] [52.0, 9.0] [55.0, 10.0] [59.0, 11.0] [62.0, 12.0] [64.0, 12.0] [68.0, 14.0] [71.0, 14.0] [74.0, 15.0] [78.0, 18.0] [78.0, 28.0] [82.0, 27.0] [85.0, 28.0] [89.0, 26.0] [39.0, 0.0] [95.0, 23.0] [99.0, 21.0] [99.0, 19.0] [99.0, 17.0] [99.0, 15.0] [99.0, 13.0] [99.0, 11.0] [99.0, 10.0] [99.0, 11.0] 
[0.0, 12.0] [0.0, 11.0] [0.0, 11.0] [0.0, 12.0] [0.0, 14.0] [0.0, 16.0] [0.0, 18.0] [20.0, 1.0] [20.0, 1.0] [24.0, 3.0] [26.0, 3.0] [31.0, 5.0] [33.0, 5.0] [37.0, 6.0] [40.0, 8.0] [43.0, 8.0] [46.0, 9.0] [47.0, 9.0] [51.0, 10.0] [55.0, 11.0] [58.0, 12.0] [61.0, 13.0] [64.0, 14.0] [67.0, 15.0] [70.0, 15.0] [73.0, 17.0] [76.0, 19.0] [77.0, 26.0] [80.0, 28.0] [84.0, 27.0] [88.0, 25.0] [90.0, 25.0] [95.0, 24.0] [98.0, 22.0] [99.0, 20.0] [99.0, 17.0] [99.0, 16.0] [99.0, 14.0] [99.0, 13.0] [99.0, 12.0] [99.0, 13.0] 
[0.0, 14.0] [0.0, 13.0] [0.0, 13.0] [0.0, 14.0] [0.0, 15.0] [0.0, 17.0] [0.0, 19.0] [2.0, 21.0] [22.0, 5.0] [24.0, 6.0] [26.0, 6.0] [31.0, 7.0] [32.0, 7.0] [36.0, 9.0] [39.0, 10.0] [40.0, 9.0] [45.0, 10.0] [48.0, 11.0] [51.0, 12.0] [54.0, 13.0] [57.0, 14.0] [60.0, 14.0] [63.0, 15.0] [66.0, 17.0] [69.0, 17.0] [71.0, 19.0] [75.0, 20.0] [76.0, 28.0] [80.0, 25.0] [83.0, 26.0] [87.0, 24.0] [90.0, 25.0] [94.0, 24.0] [97.0, 22.0] [99.0, 20.0] [99.0, 19.0] [99.0, 17.0] [99.0, 16.0] [99.0, 15.0] [99.0, 14.0] [99.0, 15.0] 
[0.0, 16.0] [0.0, 16.0] [0.0, 16.0] [0.0, 16.0] [0.0, 17.0] [0.0, 19.0] [1.0, 18.0] [4.0, 19.0] [6.0, 5.0] [24.0, 8.0] [26.0, 9.0] [29.0, 9.0] [33.0, 10.0] [36.0, 11.0] [38.0, 12.0] [41.0, 13.0] [44.0, 13.0] [47.0, 14.0] [50.0, 14.0] [53.0, 15.0] [56.0, 15.0] [59.0, 16.0] [62.0, 17.0] [64.0, 18.0] [68.0, 19.0] [71.0, 21.0] [74.0, 21.0] [76.0, 25.0] [79.0, 27.0] [83.0, 24.0] [86.0, 26.0] [89.0, 25.0] [92.0, 24.0] [95.0, 23.0] [99.0, 22.0] [99.0, 20.0] [99.0, 19.0] [99.0, 17.0] [99.0, 17.0] [99.0, 17.0] [99.0, 17.0] 
[0.0, 19.0] [0.0, 18.0] [0.0, 18.0] [0.0, 18.0] [0.0, 19.0] [0.0, 20.0] [2.0, 19.0] [4.0, 7.0] [7.0, 7.0] [26.0, 11.0] [28.0, 12.0] [29.0, 12.0] [33.0, 13.0] [36.0, 13.0] [38.0, 13.0] [41.0, 15.0] [44.0, 15.0] [46.0, 16.0] [49.0, 16.0] [52.0, 17.0] [55.0, 18.0] [58.0, 18.0] [61.0, 19.0] [65.0, 20.0] [67.0, 22.0] [70.0, 24.0] [74.0, 22.0] [75.0, 27.0] [79.0, 27.0] [82.0, 27.0] [84.0, 26.0] [88.0, 26.0] [92.0, 25.0] [95.0, 24.0] [98.0, 23.0] [99.0, 21.0] [99.0, 20.0] [99.0, 20.0] [99.0, 19.0] [99.0, 19.0] [99.0, 19.0] 
[0.0, 22.0] [0.0, 21.0] [0.0, 20.0] [0.0, 20.0] [0.0, 21.0] [0.0, 20.0] [3.0, 20.0] [7.0, 23.0] [9.0, 23.0] [11.0, 11.0] [27.0, 14.0] [29.0, 15.0] [32.0, 16.0] [34.0, 17.0] [36.0, 16.0] [40.0, 18.0] [42.0, 18.0] [45.0, 18.0] [48.0, 19.0] [51.0, 20.0] [54.0, 20.0] [57.0, 20.0] [60.0, 22.0] [63.0, 22.0] [64.0, 24.0] [68.0, 24.0] [71.0, 25.0] [74.0, 27.0] [77.0, 26.0] [81.0, 26.0] [83.0, 26.0] [86.0, 27.0] [89.0, 26.0] [93.0, 25.0] [97.0, 24.0] [99.0, 23.0] [99.0, 22.0] [99.0, 21.0] [99.0, 21.0] [99.0, 21.0] [99.0, 22.0] 
[0.0, 25.0] [0.0, 24.0] [0.0, 23.0] [0.0, 23.0] [0.0, 23.0] [0.0, 15.0] [4.0, 22.0] [7.0, 25.0] [10.0, 24.0] [14.0, 27.0] [17.0, 27.0] [29.0, 18.0] [31.0, 19.0] [34.0, 19.0] [36.0, 20.0] [39.0, 20.0] [42.0, 21.0] [44.0, 21.0] [47.0, 22.0] [50.0, 23.0] [53.0, 22.0] [56.0, 24.0] [58.0, 25.0] [61.0, 26.0] [64.0, 26.0] [67.0, 26.0] [70.0, 28.0] [73.0, 28.0] [76.0, 28.0] [80.0, 29.0] [82.0, 29.0] [86.0, 28.0] [89.0, 27.0] [93.0, 27.0] [95.0, 26.0] [98.0, 25.0] [99.0, 24.0] [99.0, 24.0] [99.0, 24.0] [99.0, 24.0] [99.0, 25.0] 
[0.0, 28.0] [0.0, 26.0] [0.0, 26.0] [0.0, 26.0] [0.0, 25.0] [2.0, 23.0] [6.0, 27.0] [8.0, 27.0] [12.0, 28.0] [15.0, 27.0] [18.0, 28.0] [29.0, 21.0] [31.0, 21.0] [33.0, 22.0] [36.0, 22.0] [38.0, 23.0] [41.0, 24.0] [44.0, 24.0] [47.0, 24.0] [49.0, 25.0] [52.0, 26.0] [55.0, 26.0] [58.0, 26.0] [61.0, 27.0] [63.0, 28.0] [66.0, 29.0] [69.0, 28.0] [71.0, 29.0] [74.0, 29.0] [78.0, 29.0] [80.0, 30.0] [84.0, 29.0] [87.0, 30.0] [91.0, 28.0] [94.0, 28.0] [96.0, 27.0] [99.0, 27.0] [99.0, 27.0] [99.0, 26.0] [99.0, 27.0] [99.0, 28.0] 
[0.0, 31.0] [0.0, 32.0] [0.0, 29.0] [0.0, 28.0] [0.0, 28.0] [0.0, 24.0] [4.0, 29.0] [8.0, 29.0] [12.0, 30.0] [15.0, 30.0] [18.0, 30.0] [22.0, 30.0] [25.0, 30.0] [31.0, 25.0] [35.0, 26.0] [37.0, 26.0] [40.0, 27.0] [42.0, 28.0] [45.0, 27.0] [47.0, 28.0] [50.0, 28.0] [54.0, 29.0] [56.0, 31.0] [59.0, 31.0] [62.0, 31.0] [65.0, 30.0] [68.0, 31.0] [71.0, 32.0] [74.0, 32.0] [77.0, 32.0] [80.0, 32.0] [83.0, 30.0] [87.0, 31.0] [89.0, 30.0] [93.0, 30.0] [96.0, 30.0] [98.0, 30.0] [99.0, 29.0] [99.0, 29.0] [99.0, 30.0] [99.0, 31.0] 
[0.0, 37.0] [0.0, 34.0] [0.0, 33.0] [0.0, 31.0] [0.0, 31.0] [1.0, 26.0] [5.0, 31.0] [9.0, 31.0] [12.0, 32.0] [15.0, 32.0] [18.0, 32.0] [21.0, 32.0] [25.0, 32.0] [27.0, 33.0] [33.0, 31.0] [37.0, 29.0] [39.0, 30.0] [42.0, 30.0] [45.0, 30.0] [47.0, 32.0] [50.0, 32.0] [53.0, 32.0] [56.0, 32.0] [59.0, 32.0] [62.0, 33.0] [65.0, 33.0] [68.0, 33.0] [71.0, 33.0] [74.0, 33.0] [77.0, 33.0] [80.0, 33.0] [83.0, 34.0] [86.0, 32.0] [89.0, 33.0] [92.0, 32.0] [95.0, 32.0] [98.0, 32.0] [99.0, 32.0] [99.0, 32.0] [99.0, 33.0] [99.0, 33.0] 
[0.0, 37.0] [0.0, 36.0] [0.0, 35.0] [0.0, 34.0] [0.0, 29.0] [5.0, 34.0] [7.0, 34.0] [10.0, 35.0] [14.0, 34.0] [17.0, 34.0] [20.0, 34.0] [22.0, 34.0] [24.0, 35.0] [30.0, 33.0] [32.0, 34.0] [37.0, 32.0] [39.0, 33.0] [41.0, 33.0] [44.0, 33.0] [47.0, 34.0] [50.0, 34.0] [53.0, 35.0] [56.0, 35.0] [58.0, 35.0] [62.0, 35.0] [64.0, 35.0] [67.0, 36.0] [70.0, 35.0] [73.0, 35.0] [76.0, 34.0] [79.0, 36.0] [82.0, 35.0] [85.0, 35.0] [88.0, 35.0] [91.0, 34.0] [95.0, 35.0] [98.0, 34.0] [99.0, 35.0] [99.0, 35.0] [99.0, 36.0] [99.0, 37.0] 
[0.0, 41.0] [0.0, 39.0] [0.0, 38.0] [0.0, 38.0] [0.0, 36.0] [4.0, 37.0] [7.0, 36.0] [10.0, 37.0] [13.0, 36.0] [16.0, 36.0] [18.0, 36.0] [23.0, 36.0] [27.0, 36.0] [29.0, 36.0] [32.0, 36.0] [35.0, 36.0] [39.0, 35.0] [41.0, 35.0] [44.0, 36.0] [47.0, 35.0] [50.0, 37.0] [52.0, 36.0] [55.0, 36.0] [58.0, 36.0] [61.0, 37.0] [63.0, 37.0] [67.0, 36.0] [69.0, 37.0] [73.0, 37.0] [76.0, 38.0] [79.0, 37.0] [82.0, 37.0] [85.0, 36.0] [86.0, 37.0] [89.0, 36.0] [93.0, 37.0] [97.0, 37.0] [99.0, 37.0] [99.0, 38.0] [99.0, 39.0] [99.0, 40.0] 
[0.0, 44.0] [0.0, 42.0] [0.0, 41.0] [0.0, 40.0] [3.0, 38.0] [7.0, 39.0] [10.0, 39.0] [12.0, 38.0] [15.0, 39.0] [18.0, 38.0] [21.0, 38.0] [23.0, 39.0] [28.0, 38.0] [31.0, 38.0] [33.0, 38.0] [36.0, 38.0] [39.0, 38.0] [41.0, 39.0] [44.0, 38.0] [47.0, 38.0] [50.0, 39.0] [53.0, 38.0] [54.0, 39.0] [58.0, 39.0] [60.0, 39.0] [64.0, 39.0] [67.0, 38.0] [70.0, 40.0] [71.0, 40.0] [75.0, 40.0] [78.0, 40.0] [80.0, 40.0] [84.0, 39.0] [87.0, 41.0] [90.0, 39.0] [93.0, 39.0] [95.0, 40.0] [98.0, 40.0] [99.0, 41.0] [99.0, 41.0] [99.0, 42.0] 
[0.0, 47.0] [0.0, 46.0] [0.0, 44.0] [0.0, 43.0] [3.0, 43.0] [6.0, 42.0] [8.0, 42.0] [11.0, 42.0] [14.0, 42.0] [16.0, 42.0] [20.0, 41.0] [23.0, 41.0] [28.0, 40.0] [29.0, 41.0] [33.0, 40.0] [36.0, 40.0] [38.0, 41.0] [41.0, 40.0] [44.0, 41.0] [47.0, 40.0] [50.0, 41.0] [53.0, 42.0] [55.0, 41.0] [58.0, 41.0] [61.0, 41.0] [64.0, 41.0] [66.0, 43.0] [69.0, 43.0] [72.0, 42.0] [75.0, 43.0] [78.0, 43.0] [81.0, 42.0] [84.0, 42.0] [87.0, 42.0] [89.0, 42.0] [92.0, 43.0] [95.0, 43.0] [97.0, 43.0] [99.0, 44.0] [99.0, 45.0] [99.0, 46.0] 
[0.0, 50.0] [0.0, 48.0] [0.0, 47.0] [0.0, 44.0] [3.0, 44.0] [6.0, 44.0] [8.0, 45.0] [11.0, 44.0] [14.0, 44.0] [18.0, 44.0] [21.0, 44.0] [24.0, 44.0] [27.0, 43.0] [29.0, 43.0] [33.0, 43.0] [36.0, 43.0] [39.0, 43.0] [42.0, 43.0] [44.0, 43.0] [47.0, 43.0] [50.0, 44.0] [52.0, 43.0] [55.0, 44.0] [58.0, 43.0] [60.0, 43.0] [63.0, 43.0] [66.0, 43.0] [69.0, 43.0] [72.0, 44.0] [74.0, 45.0] [77.0, 44.0] [80.0, 44.0] [82.0, 45.0] [86.0, 44.0] [88.0, 45.0] [91.0, 45.0] [94.0, 45.0] [97.0, 46.0] [98.0, 46.0] [99.0, 47.0] [99.0, 48.0] 
[0.0, 54.0] [0.0, 52.0] [0.0, 51.0] [0.0, 49.0] [3.0, 49.0] [5.0, 47.0] [9.0, 48.0] [12.0, 47.0] [14.0, 47.0] [18.0, 47.0] [20.0, 47.0] [23.0, 46.0] [27.0, 46.0] [30.0, 46.0] [32.0, 46.0] [36.0, 46.0] [39.0, 46.0] [41.0, 46.0] [43.0, 46.0] [47.0, 46.0] [49.0, 46.0] [52.0, 46.0] [55.0, 46.0] [57.0, 46.0] [60.0, 46.0] [63.0, 47.0] [66.0, 46.0] [68.0, 46.0] [71.0, 45.0] [74.0, 45.0] [74.0, 45.0] [76.0, 47.0] [79.0, 46.0] [82.0, 46.0] [85.0, 47.0] [88.0, 47.0] [91.0, 48.0] [93.0, 48.0] [96.0, 49.0] [99.0, 50.0] [99.0, 52.0] 
[0.0, 54.0] [0.0, 53.0] [1.0, 51.0] [3.0, 49.0] [6.0, 48.0] [9.0, 48.0] [12.0, 48.0] [15.0, 47.0] [16.0, 47.0] [19.0, 46.0] [21.0, 46.0] [25.0, 47.0] [28.0, 46.0] [30.0, 47.0] [33.0, 46.0] [35.0, 46.0] [37.0, 47.0] [39.0, 47.0] [44.0, 46.0] [46.0, 46.0] [49.0, 46.0] [50.0, 48.0] [54.0, 46.0] [56.0, 46.0] [58.0, 48.0] [62.0, 46.0] [65.0, 46.0] [67.0, 46.0] [70.0, 46.0] [73.0, 47.0] [75.0, 48.0] [77.0, 47.0] [80.0, 48.0] [83.0, 48.0] [85.0, 48.0] [88.0, 50.0] [90.0, 49.0] [93.0, 50.0] [97.0, 51.0] [98.0, 52.0] [99.0, 53.0] 
[0.0, 60.0] [0.0, 57.0] [0.0, 55.0] [1.0, 53.0] [5.0, 54.0] [7.0, 53.0] [9.0, 52.0] [14.0, 51.0] [17.0, 51.0] [19.0, 51.0] [22.0, 51.0] [25.0, 50.0] [27.0, 50.0] [30.0, 50.0] [32.0, 50.0] [35.0, 50.0] [37.0, 50.0] [40.0, 50.0] [42.0, 50.0] [46.0, 50.0] [48.0, 50.0] [50.0, 50.0] [53.0, 50.0] [56.0, 51.0] [59.0, 50.0] [62.0, 50.0] [64.0, 50.0] [67.0, 51.0] [70.0, 50.0] [73.0, 50.0] [75.0, 51.0] [77.0, 51.0] [81.0, 51.0] [83.0, 52.0] [86.0, 52.0] [88.0, 52.0] [92.0, 53.0] [94.0, 54.0] [97.0, 55.0] [99.0, 57.0] [99.0, 58.0] 
[0.0, 64.0] [0.0, 61.0] [1.0, 58.0] [4.0, 58.0] [7.0, 58.0] [8.0, 57.0] [11.0, 56.0] [14.0, 55.0] [17.0, 55.0] [19.0, 54.0] [23.0, 54.0] [24.0, 54.0] [29.0, 53.0] [30.0, 53.0] [34.0, 53.0] [36.0, 53.0] [39.0, 53.0] [42.0, 53.0] [44.0, 53.0] [46.0, 53.0] [50.0, 53.0] [51.0, 52.0] [54.0, 53.0] [57.0, 53.0] [59.0, 53.0] [62.0, 53.0] [65.0, 53.0] [68.0, 54.0] [70.0, 54.0] [73.0, 53.0] [76.0, 54.0] [78.0, 54.0] [81.0, 54.0] [85.0, 55.0] [86.0, 55.0] [90.0, 56.0] [92.0, 56.0] [95.0, 57.0] [99.0, 58.0] [99.0, 59.0] [99.0, 61.0] 
[0.0, 67.0] [0.0, 63.0] [2.0, 61.0] [4.0, 60.0] [7.0, 59.0] [11.0, 59.0] [13.0, 58.0] [15.0, 57.0] [18.0, 57.0] [21.0, 56.0] [24.0, 56.0] [25.0, 56.0] [27.0, 56.0] [32.0, 56.0] [33.0, 56.0] [36.0, 55.0] [39.0, 55.0] [41.0, 56.0] [44.0, 56.0] [46.0, 56.0] [49.0, 56.0] [52.0, 56.0] [55.0, 56.0] [57.0, 56.0] [60.0, 56.0] [63.0, 56.0] [65.0, 56.0] [68.0, 56.0] [70.0, 56.0] [74.0, 56.0] [76.0, 57.0] [77.0, 57.0] [82.0, 57.0] [84.0, 58.0] [87.0, 58.0] [90.0, 58.0] [91.0, 59.0] [96.0, 61.0] [99.0, 61.0] [99.0, 63.0] [99.0, 64.0] 
[0.0, 70.0] [2.0, 68.0] [4.0, 66.0] [5.0, 65.0] [8.0, 64.0] [10.0, 62.0] [13.0, 62.0] [14.0, 61.0] [17.0, 61.0] [20.0, 60.0] [22.0, 60.0] [25.0, 59.0] [30.0, 59.0] [32.0, 59.0] [34.0, 58.0] [37.0, 59.0] [39.0, 59.0] [42.0, 59.0] [43.0, 58.0] [44.0, 56.0] [47.0, 56.0] [49.0, 56.0] [54.0, 55.0] [55.0, 56.0] [58.0, 55.0] [61.0, 56.0] [63.0, 56.0] [66.0, 56.0] [68.0, 56.0] [72.0, 57.0] [73.0, 57.0] [77.0, 57.0] [79.0, 58.0] [82.0, 58.0] [84.0, 58.0] [87.0, 60.0] [90.0, 61.0] [92.0, 62.0] [96.0, 63.0] [99.0, 64.0] [99.0, 66.0] 
[1.0, 72.0] [2.0, 67.0] [6.0, 68.0] [8.0, 67.0] [10.0, 66.0] [13.0, 64.0] [15.0, 63.0] [16.0, 63.0] [19.0, 62.0] [22.0, 61.0] [24.0, 62.0] [27.0, 61.0] [29.0, 60.0] [31.0, 60.0] [33.0, 60.0] [36.0, 60.0] [38.0, 60.0] [42.0, 61.0] [44.0, 60.0] [46.0, 60.0] [49.0, 60.0] [52.0, 60.0] [53.0, 60.0] [56.0, 60.0] [60.0, 60.0] [62.0, 60.0] [63.0, 60.0] [67.0, 60.0] [69.0, 61.0] [73.0, 61.0] [74.0, 61.0] [78.0, 61.0] [81.0, 62.0] [84.0, 62.0] [84.0, 63.0] [88.0, 63.0] [93.0, 65.0] [96.0, 66.0] [99.0, 67.0] [99.0, 68.0] [99.0, 70.0] 
[2.0, 75.0] [4.0, 73.0] [7.0, 72.0] [9.0, 70.0] [10.0, 68.0] [13.0, 67.0] [15.0, 67.0] [17.0, 66.0] [21.0, 65.0] [22.0, 65.0] [24.0, 64.0] [27.0, 64.0] [30.0, 64.0] [32.0, 64.0] [34.0, 63.0] [37.0, 64.0] [39.0, 63.0] [42.0, 63.0] [44.0, 63.0] [47.0, 63.0] [48.0, 63.0] [52.0, 63.0] [55.0, 63.0] [57.0, 63.0] [59.0, 63.0] [62.0, 63.0] [65.0, 63.0] [67.0, 63.0] [70.0, 64.0] [73.0, 64.0] [75.0, 64.0] [77.0, 64.0] [80.0, 65.0] [83.0, 65.0] [85.0, 65.0] [87.0, 67.0] [95.0, 68.0] [98.0, 69.0] [99.0, 70.0] [99.0, 72.0] [99.0, 73.0] 
[4.0, 80.0] [6.0, 77.0] [8.0, 76.0] [10.0, 74.0] [12.0, 73.0] [14.0, 72.0] [15.0, 70.0] [20.0, 69.0] [21.0, 69.0] [23.0, 68.0] [24.0, 68.0] [29.0, 67.0] [30.0, 67.0] [32.0, 67.0] [35.0, 66.0] [37.0, 66.0] [40.0, 67.0] [42.0, 66.0] [45.0, 66.0] [47.0, 66.0] [49.0, 66.0] [52.0, 66.0] [55.0, 66.0] [57.0, 66.0] [60.0, 66.0] [63.0, 66.0] [65.0, 66.0] [67.0, 67.0] [71.0, 67.0] [73.0, 66.0] [75.0, 68.0] [77.0, 67.0] [80.0, 68.0] [83.0, 68.0] [85.0, 69.0] [93.0, 71.0] [96.0, 72.0] [99.0, 73.0] [99.0, 74.0] [99.0, 74.0] [99.0, 76.0] 
[6.0, 83.0] [8.0, 81.0] [8.0, 79.0] [11.0, 77.0] [13.0, 76.0] [15.0, 75.0] [18.0, 73.0] [19.0, 73.0] [22.0, 72.0] [25.0, 71.0] [28.0, 70.0] [29.0, 70.0] [31.0, 69.0] [33.0, 70.0] [36.0, 69.0] [38.0, 69.0] [39.0, 69.0] [42.0, 69.0] [45.0, 68.0] [48.0, 69.0] [50.0, 69.0] [52.0, 69.0] [54.0, 69.0] [58.0, 69.0] [61.0, 68.0] [64.0, 69.0] [66.0, 68.0] [68.0, 69.0] [70.0, 70.0] [73.0, 70.0] [75.0, 69.0] [77.0, 70.0] [80.0, 70.0] [82.0, 72.0] [89.0, 73.0] [94.0, 75.0] [96.0, 75.0] [99.0, 75.0] [99.0, 76.0] [99.0, 78.0] [99.0, 79.0] 
[31.0, 82.0] [28.0, 80.0] [10.0, 82.0] [12.0, 81.0] [15.0, 79.0] [16.0, 78.0] [17.0, 76.0] [20.0, 75.0] [23.0, 74.0] [26.0, 74.0] [28.0, 73.0] [28.0, 73.0] [32.0, 72.0] [33.0, 72.0] [35.0, 72.0] [38.0, 71.0] [40.0, 71.0] [43.0, 71.0] [45.0, 72.0] [48.0, 71.0] [50.0, 71.0] [52.0, 71.0] [55.0, 71.0] [58.0, 71.0] [60.0, 71.0] [64.0, 70.0] [66.0, 71.0] [69.0, 71.0] [71.0, 72.0] [74.0, 70.0] [75.0, 73.0] [76.0, 74.0] [79.0, 74.0] [88.0, 76.0] [91.0, 77.0] [95.0, 77.0] [98.0, 78.0] [99.0, 79.0] [99.0, 80.0] [99.0, 81.0] [99.0, 83.0] 
[30.0, 85.0] [27.0, 84.0] [27.0, 82.0] [25.0, 82.0] [14.0, 82.0] [25.0, 79.0] [24.0, 78.0] [24.0, 78.0] [24.0, 78.0] [25.0, 77.0] [28.0, 76.0] [30.0, 76.0] [32.0, 76.0] [33.0, 75.0] [37.0, 75.0] [38.0, 75.0] [40.0, 74.0] [26.0, 59.0] [46.0, 74.0] [49.0, 74.0] [51.0, 74.0] [54.0, 74.0] [56.0, 75.0] [58.0, 74.0] [61.0, 74.0] [63.0, 74.0] [67.0, 73.0] [70.0, 73.0] [69.0, 75.0] [73.0, 74.0] [75.0, 76.0] [79.0, 74.0] [86.0, 79.0] [88.0, 79.0] [91.0, 80.0] [95.0, 81.0] [98.0, 81.0] [99.0, 83.0] [99.0, 84.0] [99.0, 85.0] [99.0, 86.0] 
